0	3.328338
1	3.328338
2	3.328338
3	3.328338
4	3.328338
5	3.328338
6	3.328338
7	3.328338
8	3.328338
9	3.328338
10	3.328338
11	3.328338
12	3.328338
13	3.328338
14	3.328338
15	3.328338
16	3.328338
17	3.328338
18	3.328338
19	3.328338
20	3.328338
21	3.328338
22	3.328338
23	3.328338
24	3.328338
25	3.328338
26	3.328338
27	3.328338
28	3.328338
29	3.328338
30	3.328338
31	3.328338
32	3.328338
33	3.328338
34	3.328338
35	3.328338
36	3.328338
37	3.328338
38	3.328338
39	3.328338
40	3.328338
41	3.328338
42	3.328338
43	3.328338
44	3.328338
45	3.328338
46	3.328338
47	3.328338
48	3.328338
49	3.328338
50	3.328338
51	3.328338
52	3.328338
53	3.328338
54	3.328338
55	3.328338
56	3.328338
57	3.328338
58	3.328338
59	3.328338
60	3.328338
61	3.328338
62	3.328338
63	3.328338
64	3.328338
65	3.328338
66	3.328338
67	3.328338
68	3.328338
69	3.328338
70	3.328338
71	3.328338
72	3.328338
73	3.328338
74	3.328338
75	3.328338
76	3.328338
77	3.328338
78	3.328338
79	3.328338
80	3.328338
81	3.328338
82	3.328338
83	3.328338
84	3.328338
85	3.328338
86	3.328338
87	3.328338
88	3.328338
89	3.328338
90	3.328338
91	3.328338
92	3.328338
93	3.328338
94	3.328338
95	3.328338
96	3.328338
97	3.328338
98	3.328338
99	3.328338
100	3.328338
101	3.328338
102	3.328338
103	3.328338
104	3.328338
105	3.328338
106	3.328338
107	3.328338
108	3.328338
109	3.328338
110	3.328338
111	3.328338
112	3.328338
113	3.328338
114	3.328338
115	3.328338
116	3.328338
117	3.328338
118	3.328338
119	3.328338
120	3.328338
121	3.328338
122	3.328338
123	3.328338
124	3.328338
125	3.328338
126	3.328338
127	3.328338
128	3.328338
129	3.328338
130	3.328338
131	3.328338
132	3.328338
133	3.328338
134	3.328338
135	3.328338
136	3.328338
137	3.328338
138	3.328338
139	3.328338
140	3.328338
141	3.328338
142	3.328338
143	3.328338
144	3.328338
145	3.328338
146	3.328338
147	3.328338
148	3.328338
149	3.328338
150	3.328338
151	3.328338
152	3.328338
153	3.328338
154	3.328338
155	3.328338
156	3.328338
157	3.328338
158	3.328338
159	3.328338
160	3.328338
161	3.328338
162	3.328338
163	3.328338
164	3.328338
165	3.328338
166	3.328338
167	3.328338
168	3.328338
169	3.328338
170	3.328338
171	3.328338
172	3.328338
173	3.328338
174	3.328338
175	3.328338
176	3.328338
177	3.328338
178	3.328338
179	3.328338
180	3.328338
181	3.328338
182	3.328338
183	3.328338
184	3.328338
185	3.328338
186	3.328338
187	3.328338
188	3.328338
189	3.328338
190	3.328338
191	3.328338
192	3.328338
193	3.328338
194	3.328338
195	3.328338
196	3.328338
197	3.328338
198	3.328338
199	3.328338
200	3.328338
201	3.328338
202	3.328338
203	3.328338
204	3.328338
205	3.328338
206	3.328338
207	3.328338
208	3.328338
209	3.328338
210	3.328338
211	3.328338
212	3.328338
213	3.328338
214	3.328338
215	3.328338
216	3.328338
217	3.328338
218	3.328338
219	3.328338
220	3.328338
221	3.328338
222	3.328338
223	3.328338
224	3.328338
225	3.328338
226	3.328338
227	3.328338
228	3.328338
229	3.328338
230	3.328338
231	3.328338
232	3.328338
233	3.328338
234	3.328338
235	3.328338
236	3.328338
237	3.328338
238	3.328338
239	3.328338
240	3.328338
241	3.328338
242	3.328338
243	3.328338
244	3.328338
245	3.328338
246	3.328338
247	3.328338
248	3.328338
249	3.328338
250	3.328338
251	3.328338
252	3.328338
253	3.328338
254	3.328338
255	3.328338
256	3.328338
257	3.328338
258	3.328338
259	3.328338
260	3.328338
261	3.328338
262	3.328338
263	3.328338
264	3.328338
265	3.328338
266	3.328338
267	3.328338
268	3.328338
269	3.328338
270	3.328338
271	3.328338
272	3.328338
273	3.328338
274	3.328338
275	3.328338
276	3.328338
277	3.328338
278	3.328338
279	3.328338
280	3.328338
281	3.328338
282	3.328338
283	3.328338
284	3.328338
285	3.328338
286	3.328338
287	3.328338
288	3.328338
289	3.328338
290	3.328338
291	3.328338
292	3.328338
293	3.328338
294	3.328338
295	3.328338
296	3.328338
297	3.328338
298	3.328338
299	3.328338
300	3.328338
301	3.328338
302	3.328338
303	3.328338
304	3.328338
305	3.328338
306	3.328338
307	3.328338
308	3.328338
309	3.328338
310	3.328338
311	3.328338
312	3.328338
313	3.328338
314	3.328338
315	3.328338
316	3.328338
317	3.328338
318	3.328338
319	3.328338
320	3.328338
321	3.328338
322	3.328338
323	3.328338
324	3.328338
325	3.328338
326	3.328338
327	3.328338
328	3.328338
329	3.328338
330	3.328338
331	3.328338
332	3.328338
333	3.328338
334	3.328338
335	3.328338
336	3.328338
337	3.328338
338	3.328338
339	3.328338
340	3.328338
341	3.328338
342	3.328338
343	3.328338
344	3.328338
345	3.328338
346	3.328338
347	3.328338
348	3.328338
349	3.328338
350	3.328338
351	3.328338
352	3.328338
353	3.328338
354	3.328338
355	3.328338
356	3.328338
357	3.328338
358	3.328338
359	3.328338
360	3.328338
361	3.328338
362	3.328338
363	3.328338
364	3.328338
365	3.328338
366	3.328338
367	3.328338
368	3.328338
369	3.328338
370	3.328338
371	3.328338
372	3.328338
373	3.328338
374	3.328338
375	3.328338
376	3.328338
377	3.328338
378	3.328338
379	3.328338
380	3.328338
381	3.328338
382	3.328338
383	3.328338
384	3.328338
385	3.328338
386	3.328338
387	3.328338
388	3.328338
389	3.328338
390	3.328338
391	3.328338
392	3.328338
393	3.328338
394	3.328338
395	3.328338
396	3.328338
397	3.328338
398	3.328338
399	3.328338
400	3.328338
401	3.328338
402	3.328338
403	3.328338
404	3.328338
405	3.328338
406	3.328338
407	3.328338
408	3.328338
409	3.328338
410	3.328338
411	3.328338
412	3.328338
413	3.328338
414	3.328338
415	3.328338
416	3.328338
417	3.328338
418	3.328338
419	3.328338
420	3.328338
421	3.328338
422	3.328338
423	3.328338
424	3.328338
425	3.328338
426	3.328338
427	3.328338
428	3.328338
429	3.328338
430	3.328338
431	3.328338
432	3.328338
433	3.328338
434	3.328338
435	3.328338
436	3.328338
437	3.328338
438	3.328338
439	3.328338
440	3.328338
441	3.328338
442	3.328338
443	3.328338
444	3.328338
445	3.328338
446	3.328338
447	3.328338
448	3.328338
449	3.328338
450	3.328338
451	3.328338
452	3.328338
453	3.328338
454	3.328338
455	3.328338
456	3.328338
457	3.328338
458	3.328338
459	3.328338
460	3.328338
461	3.328338
462	3.328338
463	3.328338
464	3.328338
465	3.328338
466	3.328338
467	3.328338
468	3.328338
469	3.328338
470	3.328338
471	3.328338
472	3.328338
473	3.328338
474	3.328338
475	3.328338
476	3.328338
477	3.328338
478	3.328338
479	3.328338
480	3.328338
481	3.328338
482	3.328338
483	3.328338
484	3.328338
485	3.328338
486	3.328338
487	3.328338
488	3.328338
489	3.328338
490	3.328338
491	3.328338
492	3.328338
493	3.328338
494	3.328338
495	3.328338
496	3.328338
497	3.328338
498	3.328338
499	3.328338
500	3.328338
501	3.328338
502	3.328338
503	3.328338
504	3.328338
505	3.328338
506	3.328338
507	3.328338
508	3.328338
509	3.328338
510	3.328338
511	3.328338
512	3.328338
513	3.328338
514	3.328338
515	3.328338
516	3.328338
517	3.328338
518	3.328338
519	3.328338
520	3.328338
521	3.328338
522	3.328338
523	3.328338
524	3.328338
525	3.328338
526	3.328338
527	3.328338
528	3.328338
529	3.328338
530	3.328338
531	3.328338
532	3.328338
533	3.328338
534	3.328338
535	3.328338
536	3.328338
537	3.328338
538	3.328338
539	3.328338
540	3.328338
541	3.328338
542	3.328338
543	3.328338
544	3.328338
545	3.328338
546	3.328338
547	3.328338
548	3.328338
549	3.328338
550	3.328338
551	3.328338
552	3.328338
553	3.328338
554	3.328338
555	3.328338
556	3.328338
557	3.328338
558	3.328338
559	3.328338
560	3.328338
561	3.328338
562	3.328338
563	3.328338
564	3.328338
565	3.328338
566	3.328338
567	3.328338
568	3.328338
569	3.328338
570	3.328338
571	3.328338
572	3.328338
573	3.328338
574	3.328338
575	3.328338
576	3.328338
577	3.328338
578	3.328338
579	3.328338
580	3.328338
581	3.328338
582	3.328338
583	3.328338
584	3.328338
585	3.328338
586	3.328338
587	3.328338
588	3.328338
589	3.328338
590	3.328338
591	3.328338
592	3.328338
593	3.328338
594	3.328338
595	3.328338
596	3.328338
597	3.328338
598	3.328338
599	3.328338
600	3.328338
601	3.328338
602	3.328338
603	3.328338
604	3.328338
605	3.328338
606	3.328338
607	3.328338
608	3.328338
609	3.328338
610	3.328338
611	3.328338
612	3.328338
613	3.328338
614	3.328338
615	3.328338
616	3.328338
617	3.328338
618	3.328338
619	3.328338
620	3.328338
621	3.328338
622	3.328338
623	3.328338
624	3.328338
625	3.328338
626	3.328338
627	3.328338
628	3.328338
629	3.328338
630	3.328338
631	3.328338
632	3.328338
633	3.328338
634	3.328338
635	3.328338
636	3.328338
637	3.328338
638	3.328338
639	3.328338
640	3.328338
641	3.328338
642	3.328338
643	3.328338
644	3.328338
645	3.328338
646	3.328338
647	3.328338
648	3.328338
649	3.328338
650	3.328338
651	3.328338
652	3.328338
653	3.328338
654	3.328338
655	3.328338
656	3.328338
657	3.328338
658	3.328338
659	3.328338
660	3.328338
661	3.328338
662	3.328338
663	3.328338
664	3.328338
665	3.328338
666	3.328338
667	3.328338
668	3.328338
669	3.328338
670	3.328338
671	3.328338
672	3.328338
673	3.328338
674	3.328338
675	3.328338
676	3.328338
677	3.328338
678	3.328338
679	3.328338
680	3.328338
681	3.328338
682	3.328338
683	3.328338
684	3.328338
685	3.328338
686	3.328338
687	3.328338
688	3.328338
689	3.328338
690	3.328338
691	3.328338
692	3.328338
693	3.328338
694	3.328338
695	3.328338
696	3.328338
697	3.328338
698	3.328338
699	3.328338
700	3.328338
701	3.328338
702	3.328338
703	3.328338
704	3.328338
705	3.328338
706	3.328338
707	3.328338
708	3.328338
709	3.328338
710	3.328338
711	3.328338
712	3.328338
713	3.328338
714	3.328338
715	3.328338
716	3.328338
717	3.328338
718	3.328338
719	3.328338
720	3.328338
721	3.328338
722	3.328338
723	3.328338
724	3.328338
725	3.328338
726	3.328338
727	3.328338
728	3.328338
729	3.328338
730	3.328338
731	3.328338
732	3.328338
733	3.328338
734	3.328338
735	3.328338
736	3.328338
737	3.328338
738	3.328338
739	3.328338
740	3.328338
741	3.328338
742	3.328338
743	3.328338
744	3.328338
745	3.328338
746	3.328338
747	3.328338
748	3.328338
749	3.328338
750	3.328338
751	3.328338
752	3.328338
753	3.328338
754	3.328338
755	3.328338
756	3.328338
757	3.328338
758	3.328338
759	3.328338
760	3.328338
761	3.328338
762	3.328338
763	3.328338
764	3.328338
765	3.328338
766	3.328338
767	3.328338
768	3.328338
769	3.328338
770	3.328338
771	3.328338
772	3.328338
773	3.328338
774	3.328338
775	3.328338
776	3.328338
777	3.328338
778	3.328338
779	3.328338
780	3.328338
781	3.328338
782	3.328338
783	3.328338
784	3.328338
785	3.328338
786	3.328338
787	3.328338
788	3.328338
789	3.328338
790	3.328338
791	3.328338
792	3.328338
793	3.328338
794	3.328338
795	3.328338
796	3.328338
797	3.328338
798	3.328338
799	3.328338
800	3.328338
801	3.328338
802	3.328338
803	3.328338
804	3.328338
805	3.328338
806	3.328338
807	3.328338
808	3.328338
809	3.328338
810	3.328338
811	3.328338
812	3.328338
813	3.328338
814	3.328338
815	3.328338
816	3.328338
817	3.328338
818	3.328338
819	3.328338
820	3.328338
821	3.328338
822	3.328338
823	3.328338
824	3.328338
825	3.328338
826	3.328338
827	3.328338
828	3.328338
829	3.328338
830	3.328338
831	3.328338
832	3.328338
833	3.328338
834	3.328338
835	3.328338
836	3.328338
837	3.328338
838	3.328338
839	3.328338
840	3.328338
841	3.328338
842	3.328338
843	3.328338
844	3.328338
845	3.328338
846	3.328338
847	3.328338
848	3.328338
849	3.328338
850	3.328338
851	3.328338
852	3.328338
853	3.328338
854	3.328338
855	3.328338
856	3.328338
857	3.328338
858	3.328338
859	3.328338
860	3.328338
861	3.328338
862	3.328338
863	3.328338
864	3.328338
865	3.328338
866	3.328338
867	3.328338
868	3.328338
869	3.328338
870	3.328338
871	3.328338
872	3.328338
873	3.328338
874	3.328338
875	3.328338
876	3.328338
877	3.328338
878	3.328338
879	3.328338
880	3.328338
881	3.328338
882	3.328338
883	3.328338
884	3.328338
885	3.328338
886	3.328338
887	3.328338
888	3.328338
889	3.328338
890	3.328338
891	3.328338
892	3.328338
893	3.328338
894	3.328338
895	3.328338
896	3.328338
897	3.328338
898	3.328338
899	3.328338
900	3.328338
901	3.328338
902	3.328338
903	3.328338
904	3.328338
905	3.328338
906	3.328338
907	3.328338
908	3.328338
909	3.328338
910	3.328338
911	3.328338
912	3.328338
913	3.328338
914	3.328338
915	3.328338
916	3.328338
917	3.328338
918	3.328338
919	3.328338
920	3.328338
921	3.328338
922	3.328338
923	3.328338
924	3.328338
925	3.328338
926	3.328338
927	3.328338
928	3.328338
929	3.328338
930	3.328338
931	3.328338
932	3.328338
933	3.328338
934	3.328338
935	3.328338
936	3.328338
937	3.328338
938	3.328338
939	3.328338
940	3.328338
941	3.328338
942	3.328338
943	3.328338
944	3.328338
945	3.328338
946	3.328338
947	3.328338
948	3.328338
949	3.328338
950	3.328338
951	3.328338
952	3.328338
953	3.328338
954	3.328338
955	3.328338
956	3.328338
957	3.328338
958	3.328338
959	3.328338
960	3.328338
961	3.328338
962	3.328338
963	3.328338
964	3.328338
965	3.328338
966	3.328338
967	3.328338
968	3.328338
969	3.328338
970	3.328338
971	3.328338
972	3.328338
973	3.328338
974	3.328338
975	3.328338
976	3.328338
977	3.328338
978	3.328338
979	3.328338
980	3.328338
981	3.328338
982	3.328338
983	3.328338
984	3.328338
985	3.328338
986	3.328338
987	3.328338
988	3.328338
989	3.328338
990	3.328338
991	3.328338
992	3.328338
993	3.328338
994	3.328338
995	3.328338
996	3.328338
997	3.328338
998	3.328338
999	3.328338
1000	3.328338
1001	3.328338
1002	3.328338
1003	3.328338
1004	3.328338
1005	3.328338
1006	3.328338
1007	3.328338
1008	3.328338
1009	3.328338
1010	3.328338
1011	3.328338
1012	3.328338
1013	3.328338
1014	3.328338
1015	3.328338
1016	3.328338
1017	3.328338
1018	3.328338
1019	3.328338
1020	3.328338
1021	3.328338
1022	3.328338
1023	3.328338
1024	3.328338
1025	3.328338
1026	3.328338
1027	3.328338
1028	3.328338
1029	3.328338
1030	3.328338
1031	3.328338
1032	3.328338
1033	3.328338
1034	3.328338
1035	3.328338
1036	3.328338
1037	3.328338
1038	3.328338
1039	3.328338
1040	3.328338
1041	3.328338
1042	3.328338
1043	3.328338
1044	3.328338
1045	3.328338
1046	3.328338
1047	3.328338
1048	3.328338
1049	3.328338
1050	3.328338
1051	3.328338
1052	3.328338
1053	3.328338
1054	3.328338
1055	3.328338
1056	3.328338
1057	3.328338
1058	3.328338
1059	3.328338
1060	3.328338
1061	3.328338
1062	3.328338
1063	3.328338
1064	3.328338
1065	3.328338
1066	3.328338
1067	3.328338
1068	3.328338
1069	3.328338
1070	3.328338
1071	3.328338
1072	3.328338
1073	3.328338
1074	3.328338
1075	3.328338
1076	3.328338
1077	3.328338
1078	3.328338
1079	3.328338
1080	3.328338
1081	3.328338
1082	3.328338
1083	3.328338
1084	3.328338
1085	3.328338
1086	3.328338
1087	3.328338
1088	3.328338
1089	3.328338
1090	3.328338
1091	3.328338
1092	3.328338
1093	3.328338
1094	3.328338
1095	3.328338
1096	3.328338
1097	3.328338
1098	3.328338
1099	3.328338
1100	3.328338
1101	3.328338
1102	3.328338
1103	3.328338
1104	3.328338
1105	3.328338
1106	3.328338
1107	3.328338
1108	3.328338
1109	3.328338
1110	3.328338
1111	3.328338
1112	3.328338
1113	3.328338
1114	3.328338
1115	3.328338
1116	3.328338
1117	3.328338
1118	3.328338
1119	3.328338
1120	3.328338
1121	3.328338
1122	3.328338
1123	3.328338
1124	3.328338
1125	3.328338
1126	3.328338
1127	3.328338
1128	3.328338
1129	3.328338
1130	3.328338
1131	3.328338
1132	3.328338
1133	3.328338
1134	3.328338
1135	3.328338
1136	3.328338
1137	3.328338
1138	3.328338
1139	3.328338
1140	3.328338
1141	3.328338
1142	3.328338
1143	3.328338
1144	3.328338
1145	3.328338
1146	3.328338
1147	3.328338
1148	3.328338
1149	3.328338
1150	3.328338
1151	3.328338
1152	3.328338
1153	3.328338
1154	3.328338
1155	3.328338
1156	3.328338
1157	3.328338
1158	3.328338
1159	3.328338
1160	3.328338
1161	3.328338
1162	3.328338
1163	3.328338
1164	3.328338
1165	3.328338
1166	3.328338
1167	3.328338
1168	3.328338
1169	3.328338
1170	3.328338
1171	3.328338
1172	3.328338
1173	3.328338
1174	3.328338
1175	3.328338
1176	3.328338
1177	3.328338
1178	3.328338
1179	3.328338
1180	3.328338
1181	3.328338
1182	3.328338
1183	3.328338
1184	3.328338
1185	3.328338
1186	3.328338
1187	3.328338
1188	3.328338
1189	3.328338
1190	3.328338
1191	3.328338
1192	3.328338
1193	3.328338
1194	3.328338
1195	3.328338
1196	3.328338
1197	3.328338
1198	3.328338
1199	3.328338
1200	3.328338
1201	3.328338
1202	3.328338
1203	3.328338
1204	3.328338
1205	3.328338
1206	3.328338
1207	3.328338
1208	3.328338
1209	3.328338
1210	3.328338
1211	3.328338
1212	3.328338
1213	3.328338
1214	3.328338
1215	3.328338
1216	3.328338
1217	3.328338
1218	3.328338
1219	3.328338
1220	3.328338
1221	3.328338
1222	3.328338
1223	3.328338
1224	3.328338
1225	3.328338
1226	3.328338
1227	3.328338
1228	3.328338
1229	3.328338
1230	3.328338
1231	3.328338
1232	3.328338
1233	3.328338
1234	3.328338
1235	3.328338
1236	3.328338
1237	3.328338
1238	3.328338
1239	3.328338
1240	3.328338
1241	3.328338
1242	3.328338
1243	3.328338
1244	3.328338
1245	3.328338
1246	3.328338
1247	3.328338
1248	3.328338
1249	3.328338
1250	3.328338
1251	3.328338
1252	3.328338
1253	3.328338
1254	3.328338
1255	3.328338
1256	3.328338
1257	3.328338
1258	3.328338
1259	3.328338
1260	3.328338
1261	3.328338
1262	3.328338
1263	3.328338
